id_ville;gouvernorat;libelle;latitude;longitude
1;2;Ariana Ville;36.8625;10.19556
2;2;Ettadhamen;36.76513;10.27215
3;2;Kalaat Landlous;36.81959;10.2841
4;2;La Soukra;36.9205;10.24819
5;2;Mnihla;36.63089;10.23487
6;2;Raoued;36.8078;10.1652
7;2;Sidi Thabet;36.90417;10.02893
8;8;Amdoun;36.77312;9.04757
9;8;Beja Nord;36.74827;9.17271
10;8;Beja Sud;36.60818;9.11751
11;8;Goubellat;36.54113;9.64807
12;8;Mejez El Bab;36.71963;9.51616
13;8;Nefza;37.01125;8.97047
14;8;Teboursouk;36.4616;9.2435
15;8;Testour;36.48574;9.35265
16;8;Thibar;36.5221;9.1039
17;3;Ben Arous;36.77228;10.22122
18;3;Bou Mhel El Bassatine;36.57724;10.34246
19;3;El Mourouj;36.72682;10.21658
20;3;Ezzahra;36.7891;10.23679
21;3;Fouchana;36.69229;10.23481
22;3;Hammam Chatt;36.0683;9.97244
23;3;Hammam Lif;36.68944;10.35694
24;3;Megrine;36.76435;10.2352
25;3;Mohamadia;36.64767;10.09106
26;3;Mornag;36.68902;10.29964
27;3;Nouvelle Medina;36.6004;10.31744
28;3;Rades;36.80326;9.91961
29;7;Bizerte Nord;37.272;9.8708
30;7;Bizerte Sud;37.21049;9.50201
31;7;El Alia;37.1736;10.03243
32;7;Ghar El Melh;37.13143;10.04232
33;7;Ghezala;37.05993;9.56914
34;7;Jarzouna;36.93246;9.53944
35;7;Joumine;36.95392;9.27345
36;7;Mateur;37.01523;9.68828
37;7;Menzel Bourguiba;37.14567;9.87827
38;7;Menzel Jemil;37.23;9.91
39;7;Ras Jebel;37.2316;10.0801
40;7;Sejnane;37.09699;9.28189
41;7;Tinja;37.21265;9.7231
42;7;Utique;37.03707;10.03113
43;19;El Hamma;33.91667;9.73333
44;19;El Metouia;33.94266;9.99088
45;19;Gabes Medina;33.50672;10.06527
46;19;Gabes Ouest;33.90042;10.08393
47;19;Gabes Sud;33.83274;10.12723
48;19;Ghannouche;33.9399;10.0646
49;19;Mareth;33.5109;10.1392
50;19;Matmata;33.57617;9.97595
51;19;Menzel Habib;33.87917;10.08149
52;19;Nouvelle Matmata;33.56411;9.91012
53;22;Belkhir;34.3498;9.47854
54;22;El Guettar;34.37369;9.23293
55;22;El Ksar;34.49633;8.79527
56;22;El Mdhilla;34.13659;8.71087
57;22;Gafsa Nord;34.61997;8.98897
58;22;Gafsa Sud;34.45086;8.23541
59;22;Metlaoui;34.26523;8.48303
60;22;Moulares;34.56708;8.22809
61;22;Redeyef;34.39007;8.15683
62;22;Sidi Aich;34.71817;8.81524
63;22;Sned;34.49778;9.19572
64;9;Ain Draham;36.7;8.48333
65;9;Balta Bou Aouene;36.70081;8.95854
66;9;Bou Salem;36.63916;8.93212
67;9;Fernana;36.67046;8.69121
68;9;Ghardimaou;36.4164;8.41644
69;9;Jendouba;36.54678;8.7981
70;9;Jendouba Nord;36.57263;8.62635
71;9;Oued Mliz;36.43512;8.54567
72;9;Tabarka;36.47092;8.97882
73;16;Bou Hajla;35.46361;10.05083
74;16;Chebika;35.64443;9.96301
75;16;Cherarda;35.45435;9.71079
76;16;El Ala;35.62211;9.51775
77;16;Haffouz;35.66632;9.68012
78;16;Hajeb El Ayoun;35.40958;9.52608
79;16;Kairouan Nord;35.67625;10.06888
80;16;Kairouan Sud;35.49206;10.11551
81;16;Nasrallah;35.3431;9.84154
82;16;Oueslatia;35.56066;9.83966
83;16;Sbikha;35.73852;10.09666
84;17;El Ayoun;35.25848;8.98333
85;17;Ezzouhour;34.99632;8.88808
86;17;Feriana;35.1675;8.4219
87;17;Foussana;35.59691;8.4725
88;17;Haidra;35.46592;8.96297
89;17;Hassi El Frid;35.05049;9.15419
90;17;Jediliane;35.53003;9.01909
91;17;Kasserine Nord;35.17144;8.81443
92;17;Kasserine Sud;35.2138;8.92428
93;17;Mejel Bel Abbes;35.52999;8.60879
94;17;Sbeitla;35.14622;8.64723
95;17;Sbiba;35.4941;9.15549
96;17;Thala;35.3096;9.03901
97;24;Douz;33.48333;8.78833
98;24;El Faouar;33.35524;8.75097
99;24;Kebili Nord;33.5885;8.5721
100;24;Kebili Sud;33.64075;8.99476
101;24;Souk El Ahad;33.7958;8.7753
102;4;Borj El Amri;36.67401;9.85758
103;4;Douar Hicher;36.67513;10.34438
104;4;El Battan;36.79602;9.83576
105;4;Jedaida;36.86608;9.91537
106;4;Mannouba;36.77494;10.1306
107;4;Mornaguia;36.75145;9.95583
108;4;Oued Ellil;36.83523;10.05774
109;4;Tebourba;36.77955;9.67648
110;10;Dahmani;35.95029;8.80362
111;10;El Ksour;35.83597;8.87221
112;10;Jerissa;35.85539;8.68655
113;10;Kalaa El Khasba;36.15843;8.45304
114;10;Kalaat Sinane;35.76577;8.50205
115;10;Le Kef Est;36.15787;8.74482
116;10;Le Kef Ouest;36.25;8.75
117;10;Le Sers;36.07497;9.01639
118;10;Nebeur;36.28771;8.7856
119;10;Sakiet Sidi Youssef;36.16828;8.35422
120;10;Tajerouine;35.9156;8.54059
121;10;Touiref;36.29042;8.57096
122;14;Bou Merdes;35.43882;10.75203
123;14;Chorbane;35.25045;10.5463
124;14;El Jem;35.31219;10.71045
125;14;Hbira;35.42231;10.64572
126;14;Ksour Essaf;35.45897;10.8854
127;14;La Chebba;35.2304;11.11085
128;14;Mahdia;35.32326;10.45391
129;14;Melloulech;35.11005;11.00969
130;14;Ouled Chamakh;35.49657;10.97782
131;14;Sidi Alouene;35.31157;10.90933
132;14;Souassi;35.25481;10.96306
133;20;Ajim;33.73382;10.85513
134;20;Ben Guerdane;33.1394;11.2136
135;20;Beni Khedache;33.26453;10.02581
136;20;Houmet Essouk;33.77207;11.02476
137;20;Medenine Nord;33.32885;10.51577
138;20;Medenine Nord;33.32885;10.51577
139;20;Medenine Sud;33.32885;10.51577
140;20;Midoun;33.7594;11.0131
141;20;Sidi Makhlouf;33.46167;10.57222
142;20;Zarzis;33.49257;11.11301
143;13;Bekalta;35.6226;11.01354
144;13;Bembla;35.71797;10.75155
145;13;Beni Hassen;35.68781;10.75601
146;13;Jemmal;35.63;10.76
147;13;Ksar Helal;35.64962;10.90091
148;13;Ksibet El Mediouni;35.6364;10.8294
149;13;Moknine;35.6177;10.94568
150;13;Monastir;35.75616;10.82802
151;13;Ouerdanine;35.63707;10.91962
152;13;Sahline;35.77262;10.67173
153;13;Sayada Lamta Bou Hajar;35.68;10.86
154;13;Teboulba;35.65;10.88
155;13;Zeramdine;35.55727;10.72476
156;5;Beni Khalled;36.6436;10.558
157;5;Beni Khiar;36.47;10.78
158;5;Bou Argoub;36.5075;10.55001
159;5;Dar Chaabane Elfehri;36.48423;10.75258
160;5;El Haouaria;36.88035;10.87349
161;5;El Mida;36.72104;10.84945
162;5;Grombalia;36.52238;10.43854
163;5;Hammam El Ghezaz;36.91237;11.10203
164;5;Hammamet;36.42625;10.62858
165;5;Kelibia;36.85021;11.07895
166;5;Korba;36.58719;10.84991
167;5;Menzel Bouzelfa;36.70972;10.60094
168;5;Menzel Temime;36.7811;10.9889
169;5;Nabeul;36.45359;10.73624
170;5;Soliman;36.6927;10.4918
171;5;Takelsa;36.80344;10.64504
172;15;Agareb;34.73568;10.48777
173;15;Bir Ali Ben Khelifa;34.7404;10.095
174;15;El Amra;34.70775;10.74552
175;15;El Hencha;35.0626;10.7451
176;15;Esskhira;34.29046;10.08501
177;15;Ghraiba;34.95148;10.48525
178;15;Jebeniana;35.05026;10.90617
179;15;Kerkenah;34.73333;11.23333
180;15;Mahras;34.55198;10.50622
181;15;Menzel Chaker;35.02241;10.3742
182;15;Sakiet Eddaier;34.7975;10.8641
183;15;Sakiet Ezzit;34.78264;10.19292
184;15;Sfax Est;34.73612;11.21054
185;15;Sfax Sud;34.88276;10.70528
186;15;Sfax Ville;34.76;10.72
187;18;Ben Oun;34.8762;9.16048
188;18;Bir El Haffey;34.74132;9.04049
189;18;Cebbala;34.82167;8.97133
190;18;Jilma;35.31247;9.38392
191;18;Maknassy;34.65958;9.5915
192;18;Menzel Bouzaiene;34.99806;9.34058
193;18;Mezzouna;34.59287;9.90311
194;18;Ouled Haffouz;35.06253;9.81428
195;18;Regueb;34.83273;9.83618
196;18;Sidi Bouzid Est;35.10258;9.66949
197;18;Sidi Bouzid Ouest;35.04388;9.45203
198;18;Souk Jedid;34.80392;9.14646
199;11;Bargou;36.07064;9.46529
200;11;Bou Arada;36.36832;9.60996
201;11;El Aroussa;36.329;9.43693
202;11;Gaafour;35.89528;9.43909
203;11;Kesra;36.30745;9.71371
204;11;Le Krib;35.77524;9.26674
205;11;Makthar;35.84889;9.19922
206;11;Rohia;35.66442;9.03957
207;11;Sidi Bou Rouis;36.16815;9.06269
208;11;Siliana Nord;36.12802;9.37901
209;11;Siliana Sud;36.12802;9.37901
210;12;Akouda;35.94312;10.52022
211;12;Bou Ficha;35.72781;10.46709
212;12;Enfidha;36.13714;10.36047
213;12;Hammam Sousse;35.79;10.56
214;12;Hergla;36.05999;10.46645
215;12;Kalaa El Kebira;35.87392;10.54372
216;12;Kalaa Essghira;35.82764;10.55155
217;12;Kondar;36.34806;10.49306
218;12;Msaken;35.73735;10.60075
219;12;Sidi Bou Ali;35.9447;10.43417
220;12;Sousse Jaouhara;35.80635;10.61376
221;12;Sousse Riadh;35.76067;10.6284
222;12;Sousse Ville;35.81771;10.64549
223;21;Bir Lahmar;32.9606;10.52763
224;21;Dhehiba;31.33321;9.76223
225;21;Ghomrassen;33.07083;10.3361
226;21;Remada;32.3169;10.4
227;21;Smar;32.61071;10.20694
228;21;Tataouine Nord;32.80312;10.40045
229;21;Tataouine Sud;32.86423;10.43333
230;23;Degueche;33.92479;8.20371
231;23;Hezoua;33.73276;7.58824
232;23;Nefta;33.90977;8.01205
233;23;Tameghza;34.3883;7.9435
234;23;Tozeur;33.7609;8.13564
235;1;Bab Bhar;36.81853;10.18317
236;1;Bab Souika;36.83194;10.1636
237;1;Carthage;36.8699;10.3445
238;1;Cite El Khadra;36.82925;10.19029
239;1;El Hrairia;36.73188;10.31959
240;1;El Kabbaria;36.71737;10.33764
241;1;El Kram;36.63668;10.35225
242;1;El Menzah;36.85073;10.19107
243;1;El Omrane;36.83017;10.13736
244;1;El Omrane Superieur;36.84;10.23
245;1;El Ouerdia;36.83561;10.21587
246;1;Essijoumi;36.5427;10.23382
247;1;Ettahrir;36.79172;10.27613
248;1;Ezzouhour;36.73188;10.31959
249;1;Jebel Jelloud;36.77296;10.20856
250;1;La Goulette;36.82437;10.29617
251;1;La Marsa;37.0201;10.9109
252;1;La Medina;36.81;9.99
253;1;Le Bardo;36.83017;10.13736
254;1;Sidi El Bechir;36.94;10
255;1;Sidi Hassine;35.19028;10.00861
256;6;Bir Mcherga;36.58219;9.98024
257;6;El Fahs;36.28333;9.63333
258;6;Ennadhour;36.686;10.03803
259;6;Hammam Zriba;36.32;10.22
260;6;Saouef;36.18558;10.15724
261;6;Zaghouan;36.3998;10.1448
